# timestamp workers_connected workers_init workers_idle workers_busy workers_able workers_joined workers_removed workers_released workers_idled_out workers_blocked workers_slow workers_lost tasks_waiting tasks_on_workers tasks_running tasks_with_results tasks_submitted tasks_dispatched tasks_done tasks_failed tasks_cancelled tasks_exhausted_attempts time_send time_receive time_send_good time_receive_good time_status_msgs time_internal time_polling time_application time_scheduling time_execute time_execute_good time_execute_exhaustion bytes_sent bytes_received bandwidth capacity_tasks capacity_cores capacity_memory capacity_disk capacity_instantaneous capacity_weighted total_cores total_memory total_disk committed_cores committed_memory committed_disk max_cores max_memory max_disk min_cores min_memory min_disk inuse_cache
1731354278441898 0 0 0 0 0 0 0 0 0 0 0 0 0 0 0 0 0 0 0 0 0 0 0 0 0 0 0 0 0 0 0 0 0 0 0 0 1.000000 0 0 0 0 0 0 0 0 0 0 0 0 0 0 0 0 0 0 0
1731354278444368 0 0 0 0 0 0 0 0 0 0 0 0 0 0 0 0 0 0 0 0 0 0 0 0 0 0 0 0 0 0 0 0 0 0 0 0 1.000000 10 10 5120 10240 10 10 0 0 0 0 0 0 0 0 0 0 0 0 0
1731354297201290 1 0 0 1 1 1 0 0 0 0 0 0 22 1 1 0 23 0 0 0 0 0 649 64 0 0 722 71877 18241962 440548 10 0 0 0 477645 0 1.000000 10 10 5120 10240 10 10 20 102400 512001 0 0 0 20 102400 512001 20 102400 512001 1
1731354298215336 1 0 0 1 1 1 0 0 0 0 0 0 3 20 20 0 23 20 0 0 0 0 11360 75 0 0 1102 71897 19245772 440548 96 0 0 0 9542284 0 1.000000 10 10 5120 10240 10 10 20 102400 512001 20 102400 511991 20 102400 512001 20 102400 512001 10
1731354306925651 2 0 0 2 2 2 0 0 0 0 0 0 2 21 21 0 23 20 0 0 0 0 11622 99 0 0 1613 71936 27954027 440842 100 0 0 0 10019370 0 1.000000 10 10 5120 10240 10 10 32 359288 900032 20 102400 511991 20 256888 512001 12 102400 388031 10
1731354308932125 2 0 0 2 2 2 0 0 0 0 0 0 0 23 23 0 23 23 0 0 0 0 13681 107 0 0 1730 71945 29959072 440842 110 0 0 0 10973544 0 1.000000 10 10 5120 10240 10 10 32 359288 900032 23 166621 608998 20 256888 512001 12 102400 388031 11
1731354326987172 2 0 0 2 2 2 0 0 0 0 0 0 0 24 23 1 23 23 0 0 0 0 13693 156 0 0 12558 72029 47985854 441961 110 20030194 0 0 10973544 0 1.000000 10 10 5120 10240 10 10 32 359288 900032 23 166621 608998 20 256888 512001 12 102400 388031 11
1731354327372921 2 0 1 1 2 2 0 0 0 0 0 0 0 20 20 0 23 23 3 0 0 0 13693 382271 0 260497 32248 72061 47985854 441961 110 60232627 60232627 0 10973544 0 1.000000 85 85 1819595 2748475 69 18 32 359288 900032 20 102400 511992 20 256888 512001 12 102400 388031 10
1731354327403266 2 0 1 1 2 2 0 0 0 0 0 0 1 20 20 0 24 23 3 0 0 0 13693 382271 0 260497 32248 72061 47985854 472079 110 60232627 60232627 0 10973544 0 1.000000 79 79 1691153 2554465 69 21 32 359288 900032 20 102400 511992 20 256888 512001 12 102400 388031 10
1731354327425833 2 0 1 1 2 2 0 0 0 0 0 0 2 20 20 0 25 23 3 0 0 0 13693 382271 0 260497 32248 72289 47985854 494584 110 60232627 60232627 0 10973544 0 1.000000 79 79 1691153 2554465 69 24 32 359288 900032 20 102400 511992 20 256888 512001 12 102400 388031 10
1731354327451746 2 0 0 2 2 2 0 0 0 0 0 0 0 21 3 18 26 26 5 0 0 0 16062 384583 0 262497 32370 72381 47985863 515618 134 660088010 120178483 0 12404804 0 1.000000 85 85 1473497 2605335 100 34 32 359288 900032 21 123807 544327 20 256888 512001 12 102400 388031 10
1731354327472507 2 0 0 2 2 2 0 0 0 0 0 0 1 21 3 18 27 26 5 0 0 0 16062 384583 0 262497 32370 72381 47985863 536319 134 660088010 120178483 0 12404804 0 1.000000 92 92 1370083 2726936 124 39 32 359288 900032 21 123807 544327 20 256888 512001 12 102400 388031 10
1731354327496457 2 0 0 2 2 2 0 0 0 0 0 0 0 21 5 16 28 28 7 0 0 0 17383 385477 0 263155 32393 72468 47985867 557968 146 660088010 180260700 0 13358977 0 1.000000 99 99 1313087 2867733 147 53 32 359288 900032 21 140094 551062 20 256888 512001 12 102400 388031 10
1731354327521999 2 0 0 2 2 2 0 0 0 0 0 0 1 21 5 16 29 28 7 0 0 0 17383 385477 0 263155 32393 72468 47985867 583448 146 660088010 180260700 0 13358977 0 1.000000 100 100 1210015 2848586 105 56 32 359288 900032 21 140094 551062 20 256888 512001 12 102400 388031 10
1731354327548517 2 0 0 2 2 2 0 0 0 0 0 0 0 21 7 14 30 30 9 0 0 0 18647 386409 0 263794 32415 72552 47985872 607686 158 660088010 240267112 0 14313151 0 1.000000 99 99 1111535 2784375 89 64 32 359288 900032 21 140094 551061 20 256888 512001 12 102400 388031 10
1731354327572159 2 0 0 2 2 2 0 0 0 0 0 0 1 21 7 14 31 30 9 0 0 0 18647 386409 0 263794 32415 72552 47985872 631260 158 660088010 240267112 0 14313151 0 1.000000 97 97 1023253 2700912 89 66 32 359288 900032 21 140094 551061 20 256888 512001 12 102400 388031 10
1731354327596538 2 0 0 2 2 2 0 0 0 0 0 0 0 21 9 12 32 32 11 0 0 0 20331 387499 0 264514 32439 72631 47985875 652782 170 660088010 300271998 0 15267323 0 1.000000 95 95 950580 2623891 78 71 32 359288 900032 21 156381 557798 20 256888 512001 12 102400 388031 10
1731354327617737 2 0 0 2 2 2 0 0 0 0 0 0 1 21 9 12 33 32 11 0 0 0 20331 387499 0 264514 32439 72631 47985875 673903 170 660088010 300271998 0 15267323 0 1.000000 93 93 889258 2551565 78 72 32 359288 900032 21 156381 557798 20 256888 512001 12 102400 388031 10
1731354327641219 2 0 0 2 2 2 0 0 0 0 0 0 0 21 11 10 34 34 13 0 0 0 22073 388254 0 265052 32461 72755 47985879 694784 181 660088010 360274097 0 16221497 0 1.000000 90 90 827258 2455478 70 74 32 359288 900032 21 172668 564533 20 256888 512001 12 102400 388031 10
1731354327661402 2 0 0 2 2 2 0 0 0 0 0 0 1 21 11 10 35 34 13 0 0 0 22073 388254 0 265052 32461 72755 47985879 714909 181 660088010 360274097 0 16221497 0 1.000000 88 88 781312 2389512 70 74 32 359288 900032 21 172668 564533 20 256888 512001 12 102400 388031 10
1731354327685476 2 0 0 2 2 2 0 0 0 0 0 0 0 21 13 8 36 36 15 0 0 0 23737 388819 0 265381 32484 72831 47985883 736676 192 660088010 420266903 0 17175671 0 1.000000 85 85 731857 2298613 63 74 32 359288 900032 21 188955 571270 20 256888 512001 12 102400 388031 10
1731354327708711 2 0 0 2 2 2 0 0 0 0 0 0 1 21 13 8 37 36 15 0 0 0 23737 388819 0 265381 32484 72831 47985883 759857 192 660088010 420266903 0 17175671 0 1.000000 83 83 695325 2236541 62 74 32 359288 900032 21 188955 571270 20 256888 512001 12 102400 388031 10
1731354327736505 2 0 0 2 2 2 0 0 0 0 0 0 0 21 15 6 38 38 17 0 0 0 25243 389643 0 265942 32527 72908 47985887 785222 203 660088010 480244471 0 18129844 0 1.000000 80 80 653905 2148965 56 74 32 359288 900032 21 188955 571270 20 256888 512001 12 102400 388031 10
1731354327760037 2 0 0 2 2 2 0 0 0 0 0 0 1 21 15 6 39 38 17 0 0 0 25243 389643 0 265942 32527 72908 47985887 808643 203 660088010 480244471 0 18129844 0 1.000000 78 78 623546 2089446 56 74 32 359288 900032 21 188955 571270 20 256888 512001 12 102400 388031 10
1731354327788392 2 0 0 2 2 2 0 0 0 0 0 0 0 21 17 4 40 40 19 0 0 0 27821 390829 0 266701 32558 73086 47985890 833090 215 660088010 540204636 0 19084014 0 1.000000 76 76 595422 2030851 51 73 32 359288 900032 21 188955 571270 20 256888 512001 12 102400 388031 10
1731354327814765 2 0 0 2 2 2 0 0 0 0 0 0 1 21 17 4 41 40 19 0 0 0 27821 390829 0 266701 32558 73086 47985890 859371 215 660088010 540204636 0 19084014 0 1.000000 74 74 569181 1973035 50 72 32 359288 900032 21 188955 571270 20 256888 512001 12 102400 388031 10
1731354327840145 2 0 0 2 2 2 0 0 0 0 0 0 0 21 19 2 42 42 21 0 0 0 29604 391426 0 267062 32578 73210 47985893 882280 227 660088010 600157406 0 20038186 0 1.000000 72 72 544540 1915881 46 69 32 359288 900032 21 205242 578005 20 256888 512001 12 102400 388031 10
1731354327862415 2 0 0 2 2 2 0 0 0 0 0 0 1 21 19 2 43 42 21 0 0 0 29604 391426 0 267062 32578 73210 47985893 904493 227 660088010 600157406 0 20038186 0 1.000000 70 70 521270 1859294 46 68 32 359288 900032 21 205242 578005 20 256888 512001 12 102400 388031 10
1731354327885734 2 0 0 2 2 2 0 0 0 0 0 0 0 21 21 0 44 44 23 0 0 0 30943 392307 0 267689 32623 73307 47985897 925474 238 660088010 660088010 0 20992357 0 1.000000 68 68 499185 1803197 43 65 32 359288 900032 21 205242 578005 20 256888 512001 12 102400 388031 10
1731354327909196 2 0 0 2 2 2 0 0 0 0 0 0 1 21 21 0 45 44 23 0 0 0 30943 392307 0 267689 32623 73307 47985897 948882 238 660088010 660088010 0 20992357 0 1.000000 66 66 478130 1747526 42 64 32 359288 900032 21 205242 578005 20 256888 512001 12 102400 388031 10
1731354330488780 2 0 0 2 2 2 0 0 0 0 0 0 0 22 22 0 46 46 24 0 0 0 32361 392635 0 267845 32914 73426 50540502 971722 250 663127608 663127608 0 21946529 0 1.000000 66 66 478130 1747526 42 62 32 359288 900032 22 210362 603605 20 256888 512001 12 102400 388031 11
1731354330776767 0 0 0 0 0 2 2 2 0 0 0 0 22 0 0 0 46 46 24 0 0 0 32361 392635 0 267845 32914 73426 50540502 971722 250 663127608 663127608 0 21946529 0 1.000000 66 66 517077 1763633 1526 206 0 0 0 0 0 0 0 0 0 0 0 0 0
